n	k	t	time	moveCount
10000	0	0	5.37297	7631277
10000	1	0	5.27732	7468104
10000	2	0	5.32964	7529967
10100	0	1	5.62208	7778305
10100	1	1	5.54261	7767656
10100	2	1	5.51971	7767804
10200	0	2	5.65316	7805610
10200	1	2	5.7072	7808182
10200	2	2	5.58153	7780816
10300	0	3	5.82351	8103061
10300	1	3	5.7766	8086281
10300	2	3	5.63114	7861486
10400	0	4	5.77055	8035141
10400	1	4	5.92438	8209517
10400	2	4	6.04959	8248116
10500	0	5	5.93707	8203966
10500	1	5	5.93235	8236198
10500	2	5	6.20481	8307170
10600	0	6	6.54861	8488849
10600	1	6	6.3982	8529763
10600	2	6	6.28143	8468393
10700	0	7	6.295	8641218
10700	1	7	6.26945	8681310
10700	2	7	6.16286	8432890
10800	0	8	6.38492	8766637
10800	1	8	6.47168	8867427
10800	2	8	6.30149	8657178
10900	0	9	6.59031	8992036
10900	1	9	6.70375	9016638
10900	2	9	6.60861	8813254
11000	0	10	6.96204	9177667
11000	1	10	6.72411	9137776
11000	2	10	6.89146	9310484
11100	0	11	6.90743	9290743
11100	1	11	6.92451	9275554
11100	2	11	6.82186	9195210
11200	0	12	6.975	9391635
11200	1	12	6.91859	9303932
11200	2	12	7.02093	9471129
11300	0	13	7.18054	9628444
11300	1	13	7.16458	9615183
11300	2	13	7.16888	9577396
11400	0	14	7.10053	9748667
11400	1	14	7.35884	9962998
11400	2	14	7.51505	10014846
11500	0	15	7.96409	9993241
11500	1	15	8.00233	10005164
11500	2	15	7.92486	9912541
11600	0	16	8.16702	10216928
11600	1	16	8.33922	10158411
11600	2	16	8.3189	10369990
11700	0	17	8.19555	10216212
11700	1	17	8.42361	10508466
11700	2	17	8.3608	10452683
11800	0	18	8.34482	10415953
11800	1	18	8.33177	10388296
11800	2	18	8.49801	10569615
11900	0	19	8.73323	10691509
11900	1	19	8.60967	10755055
11900	2	19	8.53466	10576973
12000	0	20	8.96636	11086504
12000	1	20	8.96511	11120829
12000	2	20	8.6684	10756453
12100	0	21	8.80042	10926370
12100	1	21	9.13416	11329748
12100	2	21	9.2954	11164918
12200	0	22	9.24598	11323315
12200	1	22	9.36456	11361840
12200	2	22	9.53855	11267861
12300	0	23	9.5044	11518247
12300	1	23	9.29088	11505329
12300	2	23	9.22641	11445982
12400	0	24	9.37448	11593110
12400	1	24	9.59409	11822565
12400	2	24	9.68441	11743020
12500	0	25	9.52817	11748726
12500	1	25	9.49325	11670847
12500	2	25	9.78447	12042233
12600	0	26	9.65676	11796257
12600	1	26	9.79284	11954988
12600	2	26	10.1462	12317933
12700	0	27	9.79725	11933257
12700	1	27	10.0372	12105025
12700	2	27	10.0777	12240893
12800	0	28	10.2184	12347121
12800	1	28	10.3012	12418177
12800	2	28	10.2856	12436820
12900	0	29	10.4371	12540096
12900	1	29	10.619	12785004
12900	2	29	10.55	12714627
13000	0	30	10.7808	12898367
13000	1	30	10.7095	12842783
13000	2	30	10.584	12699062
13100	0	31	10.7508	12864165
13100	1	31	10.8106	12893845
13100	2	31	10.7187	12909620
13200	0	32	10.9275	13010108
13200	1	32	10.8915	13041884
13200	2	32	11.0504	13153650
13300	0	33	11.2412	13273517
13300	1	33	11.1323	13196345
13300	2	33	11.3683	13436044
13400	0	34	11.7082	13804611
13400	1	34	11.5206	13677243
13400	2	34	11.8284	13786807
13500	0	35	11.5925	13750872
13500	1	35	11.5079	13607902
13500	2	35	11.8326	13984531
13600	0	36	11.8789	14021597
13600	1	36	12.3141	14250228
13600	2	36	12.1081	14288660
13700	0	37	12.0801	14192587
13700	1	37	12.432	14496549
13700	2	37	12.1051	14178592
13800	0	38	12.2514	14369227
13800	1	38	12.2298	14311778
13800	2	38	12.4527	14596275
13900	0	39	12.4908	14527230
13900	1	39	12.6802	14783598
13900	2	39	12.51	14622698
14000	0	40	12.609	14688281
14000	1	40	12.6902	14766860
14000	2	40	12.7859	14880402
14100	0	41	12.9496	15006686
14100	1	41	13.038	15138697
14100	2	41	12.9345	14992279
14200	0	42	13.1666	15218368
14200	1	42	12.9479	15015782
14200	2	42	13.2741	15285799
14300	0	43	13.3443	15407632
14300	1	43	13.7408	15657087
14300	2	43	13.4039	15442917
14400	0	44	14.0146	15887563
14400	1	44	13.5854	15541977
14400	2	44	13.4609	15452849
14500	0	45	13.7953	15799454
14500	1	45	13.7168	15714753
14500	2	45	13.9995	16066465
14600	0	46	14.154	16205522
14600	1	46	14.2796	16321803
14600	2	46	14.263	16306205
14700	0	47	14.3259	16364497
14700	1	47	14.5968	16535412
14700	2	47	14.5654	16689749
14800	0	48	14.7059	16560146
14800	1	48	14.566	16586409
14800	2	48	14.1918	16314345
14900	0	49	14.7894	16813024
14900	1	49	14.7434	16616670
14900	2	49	14.7076	16687332
15000	0	50	15.167	17162180
15000	1	50	15.122	17152970
15000	2	50	15.0423	17086978
15100	0	51	15.5081	17304166
15100	1	51	15.3451	17243058
15100	2	51	15.2577	17170647
15200	0	52	15.6441	17472886
15200	1	52	15.5965	17544731
15200	2	52	15.3976	17401757
15300	0	53	15.9694	17873185
15300	1	53	15.9364	17879256
15300	2	53	15.8199	17715823
15400	0	54	16.0836	17961110
15400	1	54	15.9809	17812316
15400	2	54	16.1765	17964734
15500	0	55	16.5252	18284694
15500	1	55	16.5091	18317537
15500	2	55	16.2392	18050906
15600	0	56	17.5657	18265946
15600	1	56	17.4859	18407036
15600	2	56	17.641	18593513
15700	0	57	18.1658	19029217
15700	1	57	17.9354	18630653
15700	2	57	17.8365	18766242
15800	0	58	17.7393	18675475
15800	1	58	18.1412	18979929
15800	2	58	18.4692	19073127
15900	0	59	18.321	19310045
15900	1	59	18.2773	19219381
15900	2	59	18.2807	19247213
16000	0	60	18.6603	19535131
16000	1	60	18.7512	19316013
16000	2	60	18.4983	19494551
16100	0	61	18.4868	19434414
16100	1	61	18.8011	19730817
16100	2	61	18.8613	19700132
16200	0	62	18.8885	19771943
16200	1	62	19.275	20179010
16200	2	62	19.2878	20019866
16300	0	63	20.1336	19924783
16300	1	63	19.3141	20167124
16300	2	63	19.1123	20011540
16400	0	64	19.5329	20474208
16400	1	64	19.4496	20470010
16400	2	64	19.443	20399257
16500	0	65	19.9137	20798112
16500	1	65	20.0124	20864927
16500	2	65	20.0844	20995088
16600	0	66	19.7376	20735828
16600	1	66	20.1229	20878000
16600	2	66	20.313	21087828
16700	0	67	20.086	20827689
16700	1	67	20.5224	21121218
16700	2	67	20.4873	21066894
16800	0	68	20.7147	21222564
16800	1	68	20.6865	21287516
16800	2	68	20.8918	21458074
16900	0	69	21.2498	21783525
16900	1	69	21.0951	21628111
16900	2	69	21.0843	21558986
17000	0	70	21.1047	21567226
17000	1	70	21.0452	21472790
17000	2	70	21.2262	21637328
17100	0	71	21.8829	22111863
17100	1	71	21.5864	22039180
17100	2	71	21.9828	22450473
17200	0	72	22.0377	22223372
17200	1	72	22.3563	22629736
17200	2	72	22.4234	22621237
17300	0	73	22.5325	22790641
17300	1	73	22.2546	22457699
17300	2	73	22.4624	22693972
17400	0	74	22.7038	22899540
17400	1	74	22.8331	22995814
17400	2	74	22.6128	22763302
17500	0	75	23.2833	23469398
17500	1	75	22.9743	23091412
17500	2	75	23.1138	23253868
17600	0	76	23.2209	23309716
17600	1	76	23.5008	23680144
17600	2	76	23.2281	23270913
17700	0	77	23.6943	23631981
17700	1	77	23.8238	23886450
17700	2	77	23.5452	23548849
17800	0	78	24.1948	24185728
17800	1	78	24.0312	23971605
17800	2	78	24.0784	23950339
17900	0	79	24.3433	24130200
17900	1	79	24.6474	24336909
17900	2	79	24.314	24062605
18000	0	80	25.5935	24804955
18000	1	80	25.1008	24502843
18000	2	80	24.8703	24617169
18100	0	81	25.2997	24940651
18100	1	81	24.9325	24681409
18100	2	81	25.2379	24878925
18200	0	82	25.8019	25479926
18200	1	82	25.6458	25236001
18200	2	82	25.0641	24773694
18300	0	83	25.4924	25194112
18300	1	83	25.5765	25161916
18300	2	83	25.4476	24780070
18400	0	84	25.8275	25376484
18400	1	84	25.8474	25177749
18400	2	84	26.3093	25791411
18500	0	85	26.2819	25816028
18500	1	85	26.2561	25791723
18500	2	85	27.1416	26497150
18600	0	86	27.4501	26837829
18600	1	86	26.6841	26045794
18600	2	86	26.5494	26053820
18700	0	87	27.7152	26831595
18700	1	87	27.3181	26554008
18700	2	87	27.4925	26756758
18800	0	88	27.4502	26736373
18800	1	88	27.4288	26716715
18800	2	88	27.1043	26494071
18900	0	89	27.5706	26770765
18900	1	89	27.5615	26732868
18900	2	89	27.7351	26962872
19000	0	90	28.3411	26888001
19000	1	90	28.5553	27208142
19000	2	90	28.6051	27334320
19100	0	91	28.7814	27749528
19100	1	91	28.6801	27596506
19100	2	91	28.9374	27470877
19200	0	92	28.665	27584054
19200	1	92	29.058	27999910
19200	2	92	28.7119	27708942
19300	0	93	30.5999	28297405
19300	1	93	29.1842	27929170
19300	2	93	29.3972	28030501
19400	0	94	30.1606	28656216
19400	1	94	30.1068	28756247
19400	2	94	29.935	28512293
19500	0	95	30.2242	28742044
19500	1	95	30.899	29187453
19500	2	95	30.0144	28575044
19600	0	96	32.0298	29063295
19600	1	96	31.8204	28977396
19600	2	96	31.5283	28723817
19700	0	97	32.4649	29531508
19700	1	97	32.4473	29363975
19700	2	97	32.4941	29444925
19800	0	98	32.9118	29780230
19800	1	98	32.5014	29500993
19800	2	98	32.8728	29720902
19900	0	99	33.1405	29866170
19900	1	99	33.3514	30184164
19900	2	99	33.4031	30243463
